#<#tasks> <#config> <#data> <#vms> <#buckets> <#bucket_ranges> <max_running_time> <max_financial_cost>
5	2	8	2	1	3	205.0000	0.0066315119

#<task_id> <activity_id> <task_type__0-VM__1-VM_FX> <vm_cpu_time> <n_input> [<id_input>...] <n_output> [<id_output>...]
100	1	1	5.0000	1	[900]	1	[901]
101	1	1	4.0000	1	[901]	2	[902,903]
102	2	1	4.0000	1	[902]	2	[904,905]
103	2	1	6.0000	1	[903]	1	[906]
104	3	1	9.0000	3	[904,905,906]	1	[907]

#<data_id> <data_size_bytes> <read_time_avg> <write_time_avg> <is_static> <n_source_devices> [<device_id>...]
900	 1544	3.0000	None	1	1	[denethor_bucket]
901	  838	2.0000	3.0000	0	0	[denethor_bucket]
902	  102	1.0000	3.0000	0	0	[denethor_bucket]
903	  779	2.0000	1.0000	0	0	[denethor_bucket]
904	  746	3.0000	1.0000	0	0	[denethor_bucket]
905	 1752	5.0000	2.0000	0	0	[denethor_bucket]
906	  196	5.0000	2.0000	0	0	[denethor_bucket]
907	 1749	5.0000	1.0000	0	0	[denethor_bucket]

#<vm_id> <cpu_slowdown> <cost_per_second> <storage_bytes> <bandwidth_mbps>
1	1.00000	0.0000051670	8589934592	1250
2	0.50000	0.0000206670	8589934592	1250

#<task_id> <activity_id> <conf_id> <task_cost> <task_time_duration> <task_time_init> <task_time_cpu> <task_time_read> <task_time_write> <task_count>
100	1	1	0.0002350000	53.0000	0.0000	47.0000	3.0000	3.0000	4
100	1	2	0.0002790862	35.0000	0.0000	29.0000	3.0000	3.0000	9
101	1	1	0.0000850000	23.0000	0.0000	17.0000	2.0000	4.0000	4
101	1	2	0.0001064852	17.0000	0.0000	11.0000	2.0000	4.0000	9
102	2	1	0.0000800000	20.0000	0.0000	16.0000	1.0000	3.0000	3
102	2	2	0.0001205059	15.0000	0.0000	11.0000	1.0000	3.0000	4
103	2	1	0.0001700000	38.0000	0.0000	34.0000	2.0000	2.0000	1
103	2	2	0.0002341081	24.0000	0.0000	20.0000	2.0000	2.0000	8
104	3	1	0.0003350000	81.0000	0.0000	67.0000	13.0000	1.0000	3
104	3	2	0.0005330096	60.0000	0.0000	46.0000	13.0000	1.0000	3

#<bucket_range_id> <size1_bytes> <size2_bytes> <cost_per_byte>
1	0	54975581388800	0.0000000000377185642719268799
2	54975581388800	494780232499200	0.0000000000363215804100036621
3	494780232499200	107374182399998926258176	0.0000000000344589352607727051

