#<#tasks> <#config> <#data> <#vms> <#buckets> <#bucket_ranges> <max_running_time> <max_financial_cost>
8	2	14	2	1	3	314.0000	0.0107469827

#<task_id> <activity_id> <task_type__0-VM__1-VM_FX> <vm_cpu_time> <n_input> [<id_input>...] <n_output> [<id_output>...]
100	1	1	7.0000	1	[900]	1	[902]
101	1	1	6.0000	1	[902]	1	[903]
102	2	1	8.0000	1	[901]	1	[904]
103	2	1	1.0000	1	[901]	2	[905,906]
104	3	1	9.0000	1	[903]	4	[907,908,909,910]
105	3	1	6.0000	1	[904]	1	[911]
106	4	1	2.0000	2	[905,906]	1	[912]
107	4	1	5.0000	6	[907,908,909,910,911,912]	1	[913]

#<data_id> <data_size_bytes> <read_time_avg> <write_time_avg> <is_static> <n_source_devices> [<device_id>...]
900	  448	1.0000	None	1	1	[denethor_bucket]
901	 1083	1.0000	None	1	1	[denethor_bucket]
902	 1887	5.0000	2.0000	0	0	[denethor_bucket]
903	  979	4.0000	2.0000	0	0	[denethor_bucket]
904	  880	1.0000	1.0000	0	0	[denethor_bucket]
905	  729	5.0000	2.0000	0	0	[denethor_bucket]
906	 1460	1.0000	2.0000	0	0	[denethor_bucket]
907	  655	5.0000	1.0000	0	0	[denethor_bucket]
908	  674	1.0000	3.0000	0	0	[denethor_bucket]
909	 1568	3.0000	1.0000	0	0	[denethor_bucket]
910	  186	5.0000	1.0000	0	0	[denethor_bucket]
911	  215	3.0000	1.0000	0	0	[denethor_bucket]
912	  885	2.0000	2.0000	0	0	[denethor_bucket]
913	 1423	3.0000	1.0000	0	0	[denethor_bucket]

#<vm_id> <cpu_slowdown> <cost_per_second> <storage_bytes> <bandwidth_mbps>
1	1.00000	0.0000051670	8589934592	1250
2	0.50000	0.0000206670	8589934592	1250

#<task_id> <activity_id> <conf_id> <task_cost> <task_time_duration> <task_time_init> <task_time_cpu> <task_time_read> <task_time_write> <task_count>
100	1	1	0.0003250000	68.0000	0.0000	65.0000	1.0000	2.0000	4
100	1	2	0.0005495350	47.0000	0.0000	44.0000	1.0000	2.0000	10
101	1	1	0.0001400000	35.0000	0.0000	28.0000	5.0000	2.0000	10
101	1	2	0.0002480799	27.0000	0.0000	20.0000	5.0000	2.0000	6
102	2	1	0.0003900000	80.0000	0.0000	78.0000	1.0000	1.0000	6
102	2	2	0.0006395243	54.0000	0.0000	52.0000	1.0000	1.0000	4
103	2	1	0.0000300000	11.0000	0.0000	6.0000	1.0000	4.0000	10
103	2	2	0.0000454803	9.0000	0.0000	4.0000	1.0000	4.0000	3
104	3	1	0.0002000000	50.0000	0.0000	40.0000	4.0000	6.0000	7
104	3	2	0.0002598883	34.0000	0.0000	24.0000	4.0000	6.0000	6
105	3	1	0.0000900000	20.0000	0.0000	18.0000	1.0000	1.0000	7
105	3	2	0.0001232835	13.0000	0.0000	11.0000	1.0000	1.0000	6
106	4	1	0.0000700000	22.0000	0.0000	14.0000	6.0000	2.0000	9
106	4	2	0.0000885561	16.0000	0.0000	8.0000	6.0000	2.0000	7
107	4	1	0.0001400000	48.0000	0.0000	28.0000	19.0000	1.0000	5
107	4	2	0.0001988229	37.0000	0.0000	17.0000	19.0000	1.0000	6

#<bucket_range_id> <size1_bytes> <size2_bytes> <cost_per_byte>
1	0	54975581388800	0.0000000000377185642719268799
2	54975581388800	494780232499200	0.0000000000363215804100036621
3	494780232499200	107374182399998926258176	0.0000000000344589352607727051

