#<#tasks> <#config> <#data> <#vms> <#buckets> <#bucket_ranges> <max_running_time> <max_financial_cost>
5	5	10	3	1	3	98.7500	0.0416500000

#<task_id> <activity_id> <task_type__0-VM__1-VM_FX> <vm_cpu_time> <n_input> [<id_input>...] <n_output> [<id_output>...]
100	1	1	2.0000	1	[900]	2	[901,902]
101	1	1	1.0000	1	[901]	2	[903,904]
102	2	1	5.0000	1	[902]	2	[905,906]
103	2	1	4.0000	2	[903,904]	1	[907]
104	3	1	4.0000	3	[905,906,907]	2	[908,909]

#<data_id> <data_size_bytes> <read_time_avg> <write_time_avg> <is_static> <n_source_devices> [<device_id>...]
900	 1608	2.0000	None	1	1	[denethor_bucket]
901	 1616	1.0000	3.0000	0	0	[denethor_bucket]
902	 1309	5.0000	1.0000	0	0	[denethor_bucket]
903	  161	4.0000	1.0000	0	0	[denethor_bucket]
904	  576	1.0000	1.0000	0	0	[denethor_bucket]
905	  154	5.0000	3.0000	0	0	[denethor_bucket]
906	 1566	5.0000	1.0000	0	0	[denethor_bucket]
907	  551	5.0000	2.0000	0	0	[denethor_bucket]
908	  669	4.0000	3.0000	0	0	[denethor_bucket]
909	 1529	1.0000	1.0000	0	0	[denethor_bucket]

#<vm_id> <cpu_slowdown> <cost_per_second> <storage_bytes> <bandwidth_mbps>
1	1.00000	0.0000051670	8589934592	1250
5	0.03125	0.0006800000	8589934592	12500
3	0.25000	0.0000826720	8589934592	5000

#<task_id> <activity_id> <conf_id> <task_cost> <task_time_duration> <task_time_init> <task_time_cpu> <task_time_read> <task_time_write> <task_count>
100	1	1	0.0000500000	16.0000	0.0000	10.0000	2.0000	4.0000	4
100	1	2	0.0000630587	12.0000	0.0000	6.0000	2.0000	4.0000	2
100	1	3	0.0000807694	11.0000	0.0000	5.0000	2.0000	4.0000	6
100	1	4	0.0000772925	9.0000	0.0000	3.0000	2.0000	4.0000	8
100	1	5	0.0001040322	9.0000	0.0000	3.0000	2.0000	4.0000	7
101	1	1	0.0000200000	7.0000	0.0000	4.0000	1.0000	2.0000	5
101	1	2	0.0000227111	5.0000	0.0000	2.0000	1.0000	2.0000	6
101	1	3	0.0000364549	5.0000	0.0000	2.0000	1.0000	2.0000	1
101	1	4	0.0000254576	4.0000	0.0000	1.0000	1.0000	2.0000	2
101	1	5	0.0000333978	4.0000	0.0000	1.0000	1.0000	2.0000	7
102	2	1	0.0001250000	34.0000	0.0000	25.0000	5.0000	4.0000	6
102	2	2	0.0001796188	26.0000	0.0000	17.0000	5.0000	4.0000	5
102	2	3	0.0001810129	19.0000	0.0000	10.0000	5.0000	4.0000	2
102	2	4	0.0001603220	17.0000	0.0000	8.0000	5.0000	4.0000	4
102	2	5	0.0002479812	18.0000	0.0000	9.0000	5.0000	4.0000	9
103	2	1	0.0000900000	25.0000	0.0000	18.0000	5.0000	2.0000	6
103	2	2	0.0001182800	17.0000	0.0000	10.0000	5.0000	2.0000	4
103	2	3	0.0001318119	14.0000	0.0000	7.0000	5.0000	2.0000	7
103	2	4	0.0001427919	14.0000	0.0000	7.0000	5.0000	2.0000	10
103	2	5	0.0001338807	12.0000	0.0000	5.0000	5.0000	2.0000	8
104	3	1	0.0001150000	42.0000	0.0000	23.0000	15.0000	4.0000	8
104	3	2	0.0001587023	35.0000	0.0000	16.0000	15.0000	4.0000	9
104	3	3	0.0001848208	29.0000	0.0000	10.0000	15.0000	4.0000	7
104	3	4	0.0001546622	26.0000	0.0000	7.0000	15.0000	4.0000	4
104	3	5	0.0001479599	25.0000	0.0000	6.0000	15.0000	4.0000	8

#<bucket_range_id> <size1_bytes> <size2_bytes> <cost_per_byte>
1	0	54975581388800	0.0000000000377185642719268799
2	54975581388800	494780232499200	0.0000000000363215804100036621
3	494780232499200	107374182399998926258176	0.0000000000344589352607727051

