#<#tasks> <#config> <#data> <#vms> <#buckets> <#bucket_ranges> <max_running_time> <max_financial_cost>
3	5	4	3	1	3	28.7500	0.0244518750

#<task_id> <activity_id> <task_type__0-VM__1-VM_FX> <vm_cpu_time> <n_input> [<id_input>...] <n_output> [<id_output>...]
100	1	0	9.0000	1	[900]	1	[901]
101	1	0	9.0000	1	[901]	1	[902]
102	2	0	6.0000	1	[901]	1	[903]

#<data_id> <data_size_bytes> <read_time_avg> <write_time_avg> <is_static> <n_source_devices> [<device_id>...]
900	  913	1.0000	None	1	1	[denethor_bucket]
901	  138	1.0000	2.0000	0	0	[denethor_bucket]
902	 1865	4.0000	1.0000	0	0	[denethor_bucket]
903	  979	3.0000	3.0000	0	0	[denethor_bucket]

#<vm_id> <cpu_slowdown> <cost_per_second> <storage_bytes> <bandwidth_mbps>
1	1.00000	0.0000051670	8589934592	1250
5	0.03125	0.0006800000	8589934592	12500
4	0.12500	0.0001653330	8589934592	5000

#<task_id> <activity_id> <conf_id> <task_cost> <task_time_duration> <task_time_init> <task_time_cpu> <task_time_read> <task_time_write> <task_count>
100	1	1	0.0003350000	70.0000	0.0000	67.0000	1.0000	2.0000	5
100	1	2	0.0004494408	50.0000	0.0000	47.0000	1.0000	2.0000	6
100	1	3	0.0006889990	38.0000	0.0000	35.0000	1.0000	2.0000	8
100	1	4	0.0005623365	24.0000	0.0000	21.0000	1.0000	2.0000	2
100	1	5	0.0004854072	23.0000	0.0000	20.0000	1.0000	2.0000	7
101	1	1	0.0003200000	66.0000	0.0000	64.0000	1.0000	1.0000	9
101	1	2	0.0005450208	47.0000	0.0000	45.0000	1.0000	1.0000	6
101	1	3	0.0005975906	34.0000	0.0000	32.0000	1.0000	1.0000	2
101	1	4	0.0004491035	25.0000	0.0000	23.0000	1.0000	1.0000	9
101	1	5	0.0007109243	24.0000	0.0000	22.0000	1.0000	1.0000	6
102	2	1	0.0002450000	53.0000	0.0000	49.0000	1.0000	3.0000	3
102	2	2	0.0003180586	36.0000	0.0000	32.0000	1.0000	3.0000	4
102	2	3	0.0003729305	29.0000	0.0000	25.0000	1.0000	3.0000	2
102	2	4	0.0005091127	24.0000	0.0000	20.0000	1.0000	3.0000	8
102	2	5	0.0004464724	19.0000	0.0000	15.0000	1.0000	3.0000	10

#<bucket_range_id> <size1_bytes> <size2_bytes> <cost_per_byte>
1	0	54975581388800	0.0000000000377185642719268799
2	54975581388800	494780232499200	0.0000000000363215804100036621
3	494780232499200	107374182399998926258176	0.0000000000344589352607727051

