#<#tasks> <#config> <#data> <#vms> <#buckets> <#bucket_ranges> <max_running_time> <max_financial_cost>
14	2	16	2	1	3	1224.0000	0.9012044080

#<task_id> <activity_id> <task_type__0-VM__1-VM_FX> <vm_cpu_time> <n_input> [<id_input>...] <n_output> [<id_output>...]
100	51	1	3.0000	1	[900]	2	[901,902]
101	51	1	1.0000	1	[901]	1	[903]
102	52	1	5.0000	1	[902]	1	[904]
103	52	1	3.0000	1	[904]	1	[905]
104	53	1	1.0000	1	[905]	1	[906]
105	53	1	6.0000	1	[906]	1	[907]
106	54	1	5.0000	1	[907]	1	[908]
107	54	1	3.0000	1	[908]	1	[909]
108	55	1	8.0000	1	[909]	1	[910]
109	55	1	2.0000	1	[910]	1	[911]
110	56	1	8.0000	1	[911]	1	[912]
111	56	1	5.0000	1	[912]	1	[913]
112	57	1	5.0000	1	[913]	1	[914]
113	57	1	10.0000	2	[903,914]	1	[915]

#<data_id> <data_size_bytes> <read_time_avg> <write_time_avg> <is_static> <n_source_devices> [<device_id>...]
900	  717	5.0000	None	1	1	[denethor_bucket]
901	  919	4.0000	3.0000	0	0	[denethor_bucket]
902	  153	5.0000	2.0000	0	0	[denethor_bucket]
903	 1555	2.0000	1.0000	0	0	[denethor_bucket]
904	  391	5.0000	2.0000	0	0	[denethor_bucket]
905	  221	5.0000	1.0000	0	0	[denethor_bucket]
906	 1150	5.0000	2.0000	0	0	[denethor_bucket]
907	  941	2.0000	1.0000	0	0	[denethor_bucket]
908	 1562	2.0000	3.0000	0	0	[denethor_bucket]
909	  939	3.0000	3.0000	0	0	[denethor_bucket]
910	  589	1.0000	1.0000	0	0	[denethor_bucket]
911	 1594	1.0000	3.0000	0	0	[denethor_bucket]
912	  422	2.0000	3.0000	0	0	[denethor_bucket]
913	 1450	3.0000	1.0000	0	0	[denethor_bucket]
914	 2000	4.0000	2.0000	0	0	[denethor_bucket]
915	  150	2.0000	1.0000	0	0	[denethor_bucket]

#<vm_id> <cpu_slowdown> <cost_per_second> <storage_bytes> <bandwidth_mbps>
1	1.00000	0.0000051670	8589934592	1250
5	0.03125	0.0006800000	8589934592	12500

#<task_id> <activity_id> <conf_id> <task_cost> <task_time_duration> <task_time_init> <task_time_cpu> <task_time_read> <task_time_write> <task_count>
100	51	1	0.0000900000	28.0000	0.0000	18.0000	5.0000	5.0000	2
100	51	2	0.0001305274	21.0000	0.0000	11.0000	5.0000	5.0000	4
101	51	1	0.0001000000	25.0000	0.0000	20.0000	4.0000	1.0000	1
101	51	2	0.0001320650	17.0000	0.0000	12.0000	4.0000	1.0000	8
102	52	1	0.0001450000	36.0000	0.0000	29.0000	5.0000	2.0000	6
102	52	2	0.0002072568	28.0000	0.0000	21.0000	5.0000	2.0000	1
103	52	1	0.0001500000	36.0000	0.0000	30.0000	5.0000	1.0000	1
103	52	2	0.0001968087	26.0000	0.0000	20.0000	5.0000	1.0000	4
104	53	1	0.0000600000	19.0000	0.0000	12.0000	5.0000	2.0000	10
104	53	2	0.0000757118	14.0000	0.0000	7.0000	5.0000	2.0000	5
105	53	1	0.0014850000	303.0000	0.0000	297.0000	5.0000	1.0000	2
105	53	2	0.0017340819	177.0000	0.0000	171.0000	5.0000	1.0000	2
106	54	1	0.0001250000	30.0000	0.0000	25.0000	2.0000	3.0000	1
106	54	2	0.0001554279	21.0000	0.0000	16.0000	2.0000	3.0000	3
107	54	1	0.0001150000	28.0000	0.0000	23.0000	2.0000	3.0000	5
107	54	2	0.0001786238	21.0000	0.0000	16.0000	2.0000	3.0000	5
108	55	1	0.0009500000	194.0000	0.0000	190.0000	3.0000	1.0000	10
108	55	2	0.0012216171	109.0000	0.0000	105.0000	3.0000	1.0000	5
109	55	1	0.0000400000	12.0000	0.0000	8.0000	1.0000	3.0000	7
109	55	2	0.0000587502	9.0000	0.0000	5.0000	1.0000	3.0000	4
110	56	1	0.0009850000	201.0000	0.0000	197.0000	1.0000	3.0000	5
110	56	2	0.0013473977	133.0000	0.0000	129.0000	1.0000	3.0000	6
111	56	1	0.0004700000	97.0000	0.0000	94.0000	2.0000	1.0000	9
111	56	2	0.0005575110	60.0000	0.0000	57.0000	2.0000	1.0000	5
112	57	1	0.0007800000	161.0000	0.0000	156.0000	3.0000	2.0000	4
112	57	2	0.0009830197	93.0000	0.0000	88.0000	3.0000	2.0000	9
113	57	1	0.0002550000	58.0000	0.0000	51.0000	6.0000	1.0000	8
113	57	2	0.0003500854	42.0000	0.0000	35.0000	6.0000	1.0000	10

#<bucket_range_id> <size1_bytes> <size2_bytes> <cost_per_byte>
1	0	54975581388800	0.0000000000377185642719268799
2	54975581388800	494780232499200	0.0000000000363215804100036621
3	494780232499200	107374182399998926258176	0.0000000000344589352607727051

