#<#tasks> <#config> <#data> <#vms> <#buckets> <#bucket_ranges> <max_running_time> <max_financial_cost>
20	5	22	3	1	3	933.7500	0.1096500000

#<task_id> <activity_id> <task_type__0-VM__1-VM_FX> <vm_cpu_time> <n_input> [<id_input>...] <n_output> [<id_output>...]
100	1	1	10.0000	1	[900]	2	[901,902]
101	1	1	10.0000	1	[901]	1	[903]
102	2	1	7.0000	1	[902]	1	[904]
103	2	1	6.0000	1	[904]	1	[905]
104	3	1	1.0000	1	[905]	1	[906]
105	3	1	8.0000	1	[906]	1	[907]
106	4	1	6.0000	1	[907]	1	[908]
107	4	1	3.0000	1	[908]	1	[909]
108	5	1	8.0000	1	[909]	1	[910]
109	5	1	4.0000	1	[910]	1	[911]
110	6	1	6.0000	1	[911]	1	[912]
111	6	1	5.0000	1	[912]	1	[913]
112	7	1	6.0000	1	[913]	1	[914]
113	7	1	5.0000	1	[914]	1	[915]
114	8	1	10.0000	1	[915]	1	[916]
115	8	1	5.0000	1	[916]	1	[917]
116	9	1	9.0000	1	[917]	1	[918]
117	9	1	1.0000	1	[918]	1	[919]
118	10	1	9.0000	1	[919]	1	[920]
119	10	1	4.0000	2	[903,920]	1	[921]

#<data_id> <data_size_bytes> <read_time_avg> <write_time_avg> <is_static> <n_source_devices> [<device_id>...]
900	  594	1.0000	None	1	1	[denethor_bucket]
901	 1237	4.0000	2.0000	0	0	[denethor_bucket]
902	 1075	2.0000	3.0000	0	0	[denethor_bucket]
903	 1723	4.0000	2.0000	0	0	[denethor_bucket]
904	  702	1.0000	1.0000	0	0	[denethor_bucket]
905	 1516	2.0000	2.0000	0	0	[denethor_bucket]
906	 1459	2.0000	2.0000	0	0	[denethor_bucket]
907	 1069	5.0000	2.0000	0	0	[denethor_bucket]
908	  804	5.0000	3.0000	0	0	[denethor_bucket]
909	 1227	4.0000	3.0000	0	0	[denethor_bucket]
910	 1539	3.0000	2.0000	0	0	[denethor_bucket]
911	  727	4.0000	2.0000	0	0	[denethor_bucket]
912	  347	3.0000	1.0000	0	0	[denethor_bucket]
913	  344	2.0000	2.0000	0	0	[denethor_bucket]
914	  479	5.0000	3.0000	0	0	[denethor_bucket]
915	 1612	2.0000	1.0000	0	0	[denethor_bucket]
916	 1583	4.0000	2.0000	0	0	[denethor_bucket]
917	 1322	5.0000	3.0000	0	0	[denethor_bucket]
918	 1805	3.0000	1.0000	0	0	[denethor_bucket]
919	  565	2.0000	2.0000	0	0	[denethor_bucket]
920	  719	3.0000	1.0000	0	0	[denethor_bucket]
921	 1193	1.0000	3.0000	0	0	[denethor_bucket]

#<vm_id> <cpu_slowdown> <cost_per_second> <storage_bytes> <bandwidth_mbps>
1	1.00000	0.0000051670	8589934592	1250
3	0.25000	0.0000826720	8589934592	5000
5	0.03125	0.0006800000	8589934592	12500

#<task_id> <activity_id> <conf_id> <task_cost> <task_time_duration> <task_time_init> <task_time_cpu> <task_time_read> <task_time_write> <task_count>
100	1	1	0.0001650000	39.0000	0.0000	33.0000	1.0000	5.0000	1
100	1	2	0.0002318450	26.0000	0.0000	20.0000	1.0000	5.0000	3
100	1	3	0.0002592345	20.0000	0.0000	14.0000	1.0000	5.0000	2
100	1	4	0.0002366658	16.0000	0.0000	10.0000	1.0000	5.0000	8
100	1	5	0.0002708847	16.0000	0.0000	10.0000	1.0000	5.0000	1
101	1	1	0.0002400000	54.0000	0.0000	48.0000	4.0000	2.0000	8
101	1	2	0.0003199690	39.0000	0.0000	33.0000	4.0000	2.0000	8
101	1	3	0.0004621935	32.0000	0.0000	26.0000	4.0000	2.0000	1
101	1	4	0.0005160056	26.0000	0.0000	20.0000	4.0000	2.0000	5
101	1	5	0.0004416310	23.0000	0.0000	17.0000	4.0000	2.0000	9
102	2	1	0.0002900000	61.0000	0.0000	58.0000	2.0000	1.0000	10
102	2	2	0.0004087892	39.0000	0.0000	36.0000	2.0000	1.0000	9
102	2	3	0.0005446287	31.0000	0.0000	28.0000	2.0000	1.0000	5
102	2	4	0.0004933851	21.0000	0.0000	18.0000	2.0000	1.0000	5
102	2	5	0.0004032870	20.0000	0.0000	17.0000	2.0000	1.0000	2
103	2	1	0.0002900000	61.0000	0.0000	58.0000	1.0000	2.0000	4
103	2	2	0.0003602878	38.0000	0.0000	35.0000	1.0000	2.0000	2
103	2	3	0.0004512864	33.0000	0.0000	30.0000	1.0000	2.0000	2
103	2	4	0.0005322398	27.0000	0.0000	24.0000	1.0000	2.0000	10
103	2	5	0.0003976585	20.0000	0.0000	17.0000	1.0000	2.0000	5
104	3	1	0.0000400000	12.0000	0.0000	8.0000	2.0000	2.0000	8
104	3	2	0.0000612016	10.0000	0.0000	6.0000	2.0000	2.0000	5
104	3	3	0.0000532510	7.0000	0.0000	3.0000	2.0000	2.0000	4
104	3	4	0.0000702032	7.0000	0.0000	3.0000	2.0000	2.0000	3
104	3	5	0.0000658391	6.0000	0.0000	2.0000	2.0000	2.0000	2
105	3	1	0.0001350000	31.0000	0.0000	27.0000	2.0000	2.0000	5
105	3	2	0.0002035363	21.0000	0.0000	17.0000	2.0000	2.0000	5
105	3	3	0.0002185584	17.0000	0.0000	13.0000	2.0000	2.0000	5
105	3	4	0.0002428568	13.0000	0.0000	9.0000	2.0000	2.0000	9
105	3	5	0.0002260249	12.0000	0.0000	8.0000	2.0000	2.0000	10
106	4	1	0.0001000000	28.0000	0.0000	20.0000	5.0000	3.0000	7
106	4	2	0.0001357337	20.0000	0.0000	12.0000	5.0000	3.0000	1
106	4	3	0.0002174861	19.0000	0.0000	11.0000	5.0000	3.0000	10
106	4	4	0.0001308070	15.0000	0.0000	7.0000	5.0000	3.0000	5
106	4	5	0.0001929438	14.0000	0.0000	6.0000	5.0000	3.0000	3
107	4	1	0.0000950000	27.0000	0.0000	19.0000	5.0000	3.0000	8
107	4	2	0.0001104891	19.0000	0.0000	11.0000	5.0000	3.0000	10
107	4	3	0.0001699692	17.0000	0.0000	9.0000	5.0000	3.0000	2
107	4	4	0.0001552259	15.0000	0.0000	7.0000	5.0000	3.0000	6
107	4	5	0.0001664640	13.0000	0.0000	5.0000	5.0000	3.0000	6
108	5	1	0.0002350000	53.0000	0.0000	47.0000	4.0000	2.0000	8
108	5	2	0.0003824030	37.0000	0.0000	31.0000	4.0000	2.0000	9
108	5	3	0.0003777373	32.0000	0.0000	26.0000	4.0000	2.0000	5
108	5	4	0.0004901699	24.0000	0.0000	18.0000	4.0000	2.0000	7
108	5	5	0.0003947895	18.0000	0.0000	12.0000	4.0000	2.0000	1
109	5	1	0.0001500000	35.0000	0.0000	30.0000	3.0000	2.0000	9
109	5	2	0.0001835896	24.0000	0.0000	19.0000	3.0000	2.0000	9
109	5	3	0.0002780799	20.0000	0.0000	15.0000	3.0000	2.0000	8
109	5	4	0.0002033202	15.0000	0.0000	10.0000	3.0000	2.0000	9
109	5	5	0.0002910198	16.0000	0.0000	11.0000	3.0000	2.0000	8
110	6	1	0.0001150000	28.0000	0.0000	23.0000	4.0000	1.0000	10
110	6	2	0.0001511815	18.0000	0.0000	13.0000	4.0000	1.0000	5
110	6	3	0.0001731351	15.0000	0.0000	10.0000	4.0000	1.0000	2
110	6	4	0.0002346539	14.0000	0.0000	9.0000	4.0000	1.0000	2
110	6	5	0.0001708672	12.0000	0.0000	7.0000	4.0000	1.0000	3
111	6	1	0.0001600000	37.0000	0.0000	32.0000	3.0000	2.0000	5
111	6	2	0.0002064055	25.0000	0.0000	20.0000	3.0000	2.0000	8
111	6	3	0.0002010110	18.0000	0.0000	13.0000	3.0000	2.0000	9
111	6	4	0.0002830169	19.0000	0.0000	14.0000	3.0000	2.0000	10
111	6	5	0.0003355192	15.0000	0.0000	10.0000	3.0000	2.0000	2
112	7	1	0.0001500000	35.0000	0.0000	30.0000	2.0000	3.0000	7
112	7	2	0.0002253999	24.0000	0.0000	19.0000	2.0000	3.0000	5
112	7	3	0.0001883644	17.0000	0.0000	12.0000	2.0000	3.0000	5
112	7	4	0.0002134738	14.0000	0.0000	9.0000	2.0000	3.0000	8
112	7	5	0.0001985100	12.0000	0.0000	7.0000	2.0000	3.0000	8
113	7	1	0.0001350000	33.0000	0.0000	27.0000	5.0000	1.0000	9
113	7	2	0.0001701061	22.0000	0.0000	16.0000	5.0000	1.0000	6
113	7	3	0.0002187311	17.0000	0.0000	11.0000	5.0000	1.0000	4
113	7	4	0.0001854186	15.0000	0.0000	9.0000	5.0000	1.0000	7
113	7	5	0.0003193646	16.0000	0.0000	10.0000	5.0000	1.0000	7
114	8	1	0.0002850000	61.0000	0.0000	57.0000	2.0000	2.0000	3
114	8	2	0.0003459981	40.0000	0.0000	36.0000	2.0000	2.0000	9
114	8	3	0.0003518233	26.0000	0.0000	22.0000	2.0000	2.0000	2
114	8	4	0.0004043296	22.0000	0.0000	18.0000	2.0000	2.0000	9
114	8	5	0.0003245784	18.0000	0.0000	14.0000	2.0000	2.0000	3
115	8	1	0.0001450000	36.0000	0.0000	29.0000	4.0000	3.0000	3
115	8	2	0.0002487361	28.0000	0.0000	21.0000	4.0000	3.0000	5
115	8	3	0.0002541872	21.0000	0.0000	14.0000	4.0000	3.0000	2
115	8	4	0.0002355396	16.0000	0.0000	9.0000	4.0000	3.0000	9
115	8	5	0.0002411994	16.0000	0.0000	9.0000	4.0000	3.0000	8
116	9	1	0.0004100000	88.0000	0.0000	82.0000	5.0000	1.0000	1
116	9	2	0.0005102155	56.0000	0.0000	50.0000	5.0000	1.0000	5
116	9	3	0.0005913791	38.0000	0.0000	32.0000	5.0000	1.0000	7
116	9	4	0.0006082399	30.0000	0.0000	24.0000	5.0000	1.0000	2
116	9	5	0.0007832003	31.0000	0.0000	25.0000	5.0000	1.0000	1
117	9	1	0.0000150000	8.0000	0.0000	3.0000	3.0000	2.0000	1
117	9	2	0.0000212490	7.0000	0.0000	2.0000	3.0000	2.0000	3
117	9	3	0.0000329446	7.0000	0.0000	2.0000	3.0000	2.0000	3
117	9	4	0.0000192107	6.0000	0.0000	1.0000	3.0000	2.0000	7
117	9	5	0.0000258900	6.0000	0.0000	1.0000	3.0000	2.0000	10
118	10	1	0.0001800000	39.0000	0.0000	36.0000	2.0000	1.0000	8
118	10	2	0.0002393317	25.0000	0.0000	22.0000	2.0000	1.0000	1
118	10	3	0.0002350813	17.0000	0.0000	14.0000	2.0000	1.0000	5
118	10	4	0.0002390614	15.0000	0.0000	12.0000	2.0000	1.0000	8
118	10	5	0.0003136664	12.0000	0.0000	9.0000	2.0000	1.0000	5
119	10	1	0.0001500000	40.0000	0.0000	30.0000	7.0000	3.0000	7
119	10	2	0.0001956691	28.0000	0.0000	18.0000	7.0000	3.0000	5
119	10	3	0.0002446224	25.0000	0.0000	15.0000	7.0000	3.0000	8
119	10	4	0.0002851196	23.0000	0.0000	13.0000	7.0000	3.0000	6
119	10	5	0.0002792984	18.0000	0.0000	8.0000	7.0000	3.0000	5

#<bucket_range_id> <size1_bytes> <size2_bytes> <cost_per_byte>
1	0	54975581388800	0.0000000000377185642719268799
2	54975581388800	494780232499200	0.0000000000363215804100036621
3	494780232499200	107374182399998926258176	0.0000000000344589352607727051

