#<#tasks> <#config> <#data> <#vms> <#buckets> <#bucket_ranges> <max_running_time> <max_financial_cost>
5	2	7	2	1	3	189.0000	0.1498965630

#<task_id> <activity_id> <task_type__0-VM__1-VM_FX> <vm_cpu_time> <n_input> [<id_input>...] <n_output> [<id_output>...]
100	1	1	7.0000	1	[900]	1	[902]
101	1	1	3.0000	1	[901]	1	[903]
102	2	1	7.0000	1	[902]	1	[904]
103	2	1	6.0000	2	[902,903]	1	[905]
104	3	1	6.0000	1	[903]	1	[906]

#<data_id> <data_size_bytes> <read_time_avg> <write_time_avg> <is_static> <n_source_devices> [<device_id>...]
900	 1018	2.0000	None	1	1	[denethor_bucket]
901	  732	3.0000	None	1	1	[denethor_bucket]
902	  357	2.0000	1.0000	0	0	[denethor_bucket]
903	  904	4.0000	2.0000	0	0	[denethor_bucket]
904	  182	5.0000	1.0000	0	0	[denethor_bucket]
905	  286	3.0000	1.0000	0	0	[denethor_bucket]
906	 1134	1.0000	3.0000	0	0	[denethor_bucket]

#<vm_id> <cpu_slowdown> <cost_per_second> <storage_bytes> <bandwidth_mbps>
1	1.00000	0.0000051670	8589934592	1250
5	0.03125	0.0006800000	8589934592	12500

#<task_id> <activity_id> <conf_id> <task_cost> <task_time_duration> <task_time_init> <task_time_cpu> <task_time_read> <task_time_write> <task_count>
100	1	1	0.0001350000	30.0000	0.0000	27.0000	2.0000	1.0000	10
100	1	2	0.0001908779	19.0000	0.0000	16.0000	2.0000	1.0000	5
101	1	1	0.0001200000	29.0000	0.0000	24.0000	3.0000	2.0000	6
101	1	2	0.0001517902	20.0000	0.0000	15.0000	3.0000	2.0000	9
102	2	1	0.0002300000	49.0000	0.0000	46.0000	2.0000	1.0000	9
102	2	2	0.0003042855	32.0000	0.0000	29.0000	2.0000	1.0000	1
103	2	1	0.0001250000	32.0000	0.0000	25.0000	6.0000	1.0000	6
103	2	2	0.0001819818	22.0000	0.0000	15.0000	6.0000	1.0000	5
104	3	1	0.0002200000	51.0000	0.0000	44.0000	4.0000	3.0000	9
104	3	2	0.0002693575	32.0000	0.0000	25.0000	4.0000	3.0000	2

#<bucket_range_id> <size1_bytes> <size2_bytes> <cost_per_byte>
1	0	54975581388800	0.0000000000377185642719268799
2	54975581388800	494780232499200	0.0000000000363215804100036621
3	494780232499200	107374182399998926258176	0.0000000000344589352607727051

