#<#tasks> <#config> <#data> <#vms> <#buckets> <#bucket_ranges> <max_running_time> <max_financial_cost>
5	2	8	2	1	3	409.0000	0.0775258176

#<task_id> <activity_id> <task_type__0-VM__1-VM_FX> <vm_cpu_time> <n_input> [<id_input>...] <n_output> [<id_output>...]
100	1	1	7.0000	1	[900]	1	[901]
101	1	1	6.0000	1	[901]	2	[902,903]
102	2	1	9.0000	1	[902]	2	[904,905]
103	2	1	4.0000	1	[903]	1	[906]
104	3	1	4.0000	3	[904,905,906]	1	[907]

#<data_id> <data_size_bytes> <read_time_avg> <write_time_avg> <is_static> <n_source_devices> [<device_id>...]
900	 1621	2.0000	None	1	1	[denethor_bucket]
901	 1088	4.0000	3.0000	0	0	[denethor_bucket]
902	 1245	4.0000	2.0000	0	0	[denethor_bucket]
903	  481	2.0000	3.0000	0	0	[denethor_bucket]
904	  492	5.0000	3.0000	0	0	[denethor_bucket]
905	 1326	4.0000	3.0000	0	0	[denethor_bucket]
906	  309	4.0000	2.0000	0	0	[denethor_bucket]
907	 1932	3.0000	1.0000	0	0	[denethor_bucket]

#<vm_id> <cpu_slowdown> <cost_per_second> <storage_bytes> <bandwidth_mbps>
1	1.00000	0.0000051670	8589934592	1250
4	0.12500	0.0001653330	8589934592	5000

#<task_id> <activity_id> <conf_id> <task_cost> <task_time_duration> <task_time_init> <task_time_cpu> <task_time_read> <task_time_write> <task_count>
100	1	1	0.0001850000	42.0000	0.0000	37.0000	2.0000	3.0000	1
100	1	2	0.0002417712	30.0000	0.0000	25.0000	2.0000	3.0000	10
101	1	1	0.0006050000	130.0000	0.0000	121.0000	4.0000	5.0000	8
101	1	2	0.0009838910	89.0000	0.0000	80.0000	4.0000	5.0000	8
102	2	1	0.0001050000	31.0000	0.0000	21.0000	4.0000	6.0000	4
102	2	2	0.0001364095	23.0000	0.0000	13.0000	4.0000	6.0000	7
103	2	1	0.0004400000	92.0000	0.0000	88.0000	2.0000	2.0000	3
103	2	2	0.0006912603	62.0000	0.0000	58.0000	2.0000	2.0000	4
104	3	1	0.0005650000	127.0000	0.0000	113.0000	13.0000	1.0000	3
104	3	2	0.0009461516	92.0000	0.0000	78.0000	13.0000	1.0000	6

#<bucket_range_id> <size1_bytes> <size2_bytes> <cost_per_byte>
1	0	54975581388800	0.0000000000377185642719268799
2	54975581388800	494780232499200	0.0000000000363215804100036621
3	494780232499200	107374182399998926258176	0.0000000000344589352607727051

