#<#tasks> <#config> <#data> <#vms> <#buckets> <#bucket_ranges> <max_running_time> <max_financial_cost>
5	2	7	2	1	3	931.0000	0.0311899868

#<task_id> <activity_id> <task_type__0-VM__1-VM_FX> <vm_cpu_time> <n_input> [<id_input>...] <n_output> [<id_output>...]
100	1	1	1.0000	1	[900]	1	[902]
101	1	1	8.0000	1	[901]	1	[903]
102	2	1	7.0000	1	[902]	1	[904]
103	2	1	9.0000	2	[902,903]	1	[905]
104	3	1	10.0000	1	[903]	1	[906]

#<data_id> <data_size_bytes> <read_time_avg> <write_time_avg> <is_static> <n_source_devices> [<device_id>...]
900	 1209	3.0000	None	1	1	[denethor_bucket]
901	  484	2.0000	None	1	1	[denethor_bucket]
902	 1857	2.0000	2.0000	0	0	[denethor_bucket]
903	  274	1.0000	1.0000	0	0	[denethor_bucket]
904	 1749	1.0000	3.0000	0	0	[denethor_bucket]
905	  853	4.0000	3.0000	0	0	[denethor_bucket]
906	 1498	5.0000	3.0000	0	0	[denethor_bucket]

#<vm_id> <cpu_slowdown> <cost_per_second> <storage_bytes> <bandwidth_mbps>
1	1.00000	0.0000051670	8589934592	1250
2	0.50000	0.0000206670	8589934592	1250

#<task_id> <activity_id> <conf_id> <task_cost> <task_time_duration> <task_time_init> <task_time_cpu> <task_time_read> <task_time_write> <task_count>
100	1	1	0.0000800000	21.0000	0.0000	16.0000	3.0000	2.0000	5
100	1	2	0.0001237459	15.0000	0.0000	10.0000	3.0000	2.0000	4
101	1	1	0.0016250000	328.0000	0.0000	325.0000	2.0000	1.0000	2
101	1	2	0.0024333922	217.0000	0.0000	214.0000	2.0000	1.0000	4
102	2	1	0.0006150000	128.0000	0.0000	123.0000	2.0000	3.0000	9
102	2	2	0.0007227612	78.0000	0.0000	73.0000	2.0000	3.0000	5
103	2	1	0.0001500000	36.0000	0.0000	30.0000	3.0000	3.0000	4
103	2	2	0.0001910663	23.0000	0.0000	17.0000	3.0000	3.0000	3
104	3	1	0.0020750000	419.0000	0.0000	415.0000	1.0000	3.0000	3
104	3	2	0.0036413739	299.0000	0.0000	295.0000	1.0000	3.0000	6

#<bucket_range_id> <size1_bytes> <size2_bytes> <cost_per_byte>
1	0	54975581388800	0.0000000000377185642719268799
2	54975581388800	494780232499200	0.0000000000363215804100036621
3	494780232499200	107374182399998926258176	0.0000000000344589352607727051

