#<#tasks> <#config> <#data> <#vms> <#buckets> <#bucket_ranges> <max_running_time> <max_financial_cost>
8	2	14	2	1	3	1240.0000	0.0404933474

#<task_id> <activity_id> <task_type__0-VM__1-VM_FX> <vm_cpu_time> <n_input> [<id_input>...] <n_output> [<id_output>...]
100	1	1	1.0000	1	[900]	1	[902]
101	1	1	3.0000	1	[902]	1	[903]
102	2	1	10.0000	1	[901]	1	[904]
103	2	1	2.0000	1	[901]	2	[905,906]
104	3	1	6.0000	1	[903]	4	[907,908,909,910]
105	3	1	5.0000	1	[904]	1	[911]
106	4	1	8.0000	2	[905,906]	1	[912]
107	4	1	3.0000	6	[907,908,909,910,911,912]	1	[913]

#<data_id> <data_size_bytes> <read_time_avg> <write_time_avg> <is_static> <n_source_devices> [<device_id>...]
900	 1804	2.0000	None	1	1	[denethor_bucket]
901	  924	3.0000	None	1	1	[denethor_bucket]
902	 1081	1.0000	2.0000	0	0	[denethor_bucket]
903	 1701	2.0000	1.0000	0	0	[denethor_bucket]
904	 1870	2.0000	3.0000	0	0	[denethor_bucket]
905	 1589	3.0000	3.0000	0	0	[denethor_bucket]
906	  344	1.0000	3.0000	0	0	[denethor_bucket]
907	 1235	2.0000	1.0000	0	0	[denethor_bucket]
908	 1983	3.0000	3.0000	0	0	[denethor_bucket]
909	 1499	1.0000	3.0000	0	0	[denethor_bucket]
910	 1017	1.0000	3.0000	0	0	[denethor_bucket]
911	 1760	3.0000	3.0000	0	0	[denethor_bucket]
912	  866	2.0000	3.0000	0	0	[denethor_bucket]
913	 1980	2.0000	1.0000	0	0	[denethor_bucket]

#<vm_id> <cpu_slowdown> <cost_per_second> <storage_bytes> <bandwidth_mbps>
1	1.00000	0.0000051670	8589934592	1250
2	0.50000	0.0000206670	8589934592	1250

#<task_id> <activity_id> <conf_id> <task_cost> <task_time_duration> <task_time_init> <task_time_cpu> <task_time_read> <task_time_write> <task_count>
100	1	1	0.0002050000	45.0000	0.0000	41.0000	2.0000	2.0000	1
100	1	2	0.0002571484	30.0000	0.0000	26.0000	2.0000	2.0000	8
101	1	1	0.0005450000	111.0000	0.0000	109.0000	1.0000	1.0000	5
101	1	2	0.0007060964	76.0000	0.0000	74.0000	1.0000	1.0000	4
102	2	1	0.0021500000	436.0000	0.0000	430.0000	3.0000	3.0000	6
102	2	2	0.0032457423	303.0000	0.0000	297.0000	3.0000	3.0000	8
103	2	1	0.0003050000	70.0000	0.0000	61.0000	3.0000	6.0000	5
103	2	2	0.0003812252	44.0000	0.0000	35.0000	3.0000	6.0000	4
104	3	1	0.0001850000	49.0000	0.0000	37.0000	2.0000	10.0000	3
104	3	2	0.0002719174	37.0000	0.0000	25.0000	2.0000	10.0000	5
105	3	1	0.0001800000	41.0000	0.0000	36.0000	2.0000	3.0000	2
105	3	2	0.0002218960	25.0000	0.0000	20.0000	2.0000	3.0000	7
106	4	1	0.0018500000	377.0000	0.0000	370.0000	4.0000	3.0000	10
106	4	2	0.0026007970	236.0000	0.0000	229.0000	4.0000	3.0000	10
107	4	1	0.0005900000	131.0000	0.0000	118.0000	12.0000	1.0000	6
107	4	2	0.0007362771	90.0000	0.0000	77.0000	12.0000	1.0000	2

#<bucket_range_id> <size1_bytes> <size2_bytes> <cost_per_byte>
1	0	54975581388800	0.0000000000377185642719268799
2	54975581388800	494780232499200	0.0000000000363215804100036621
3	494780232499200	107374182399998926258176	0.0000000000344589352607727051

