#<#tasks> <#config> <#data> <#vms> <#buckets> <#bucket_ranges> <max_running_time> <max_financial_cost>
8	2	14	2	1	3	100.0	0.1

#<task_id> <activity_id> <task_type__0-VM__1-VM_FX> <vm_cpu_time> <n_input> [<id_input>...] <n_output> [<id_output>...]
10	1	1	9.0000	1	[90]	1	[92]
11	1	1	10.0000	1	[92]	1	[93]
12	2	1	4.0000	1	[91]	1	[94]
13	2	1	4.0000	1	[91]	2	[95,96]
14	3	1	7.0000	1	[93]	4	[97,98,99,910]
15	3	1	3.0000	1	[94]	1	[911]
16	4	1	6.0000	2	[95,96]	1	[912]
17	4	1	4.0000	6	[97,98,99,910,911,912]	1	[913]

#<data_id> <data_size_bytes> <read_time_avg> <write_time_avg> <is_static> <n_source_devices> [<device_id>...]
90	 1299	4.0000	None	1	1	[denethor_bucket]
91	 1382	1.0000	None	1	1	[denethor_bucket]
92	 1074	5.0000	2.0000	0	0	[denethor_bucket]
93	  719	1.0000	3.0000	0	0	[denethor_bucket]
94	  445	1.0000	1.0000	0	0	[denethor_bucket]
95	 1667	1.0000	1.0000	0	0	[denethor_bucket]
96	 1125	2.0000	2.0000	0	0	[denethor_bucket]
97	  254	1.0000	3.0000	0	0	[denethor_bucket]
98	  228	2.0000	3.0000	0	0	[denethor_bucket]
99	  201	4.0000	3.0000	0	0	[denethor_bucket]
910	 1584	2.0000	3.0000	0	0	[denethor_bucket]
911	  271	5.0000	3.0000	0	0	[denethor_bucket]
912	  201	5.0000	1.0000	0	0	[denethor_bucket]
913	  440	5.0000	1.0000	0	0	[denethor_bucket]

#<vm_id> <cpu_slowdown> <cost_per_second> <storage_bytes> <bandwidth_mbps>
1	1.00000	0.0000051670	8589934592	1250
2	0.50000	0.0000206670	8589934592	1250

#<task_id> <activity_id> <conf_id> <task_cost> <task_time_duration> <task_time_init> <task_time_cpu> <task_time_read> <task_time_write> <task_count>
10	1	1	0.0000450000	15.0000	0.0000	9.0000	4.0000	2.0000	1
10	1	2	0.0000729008	12.3327	0.0000	6.3327	4.0000	2.0000	5
11	1	1	0.0000500000	18.0000	0.0000	10.0000	5.0000	3.0000	3
11	1	2	0.0000681672	13.9499	0.0000	5.9499	5.0000	3.0000	9
12	2	1	0.0000200000	6.0000	0.0000	4.0000	1.0000	1.0000	2
12	2	2	0.0000309596	4.5151	0.0000	2.5151	1.0000	1.0000	8
13	2	1	0.0000200000	8.0000	0.0000	4.0000	1.0000	3.0000	7
13	2	2	0.0000274209	6.6086	0.0000	2.6086	1.0000	3.0000	3
14	3	1	0.0000350000	20.0000	0.0000	7.0000	1.0000	12.0000	6
14	3	2	0.0000450433	17.1548	0.0000	4.1548	1.0000	12.0000	3
15	3	1	0.0000150000	7.0000	0.0000	3.0000	1.0000	3.0000	6
15	3	2	0.0000201453	5.7028	0.0000	1.7028	1.0000	3.0000	3
16	4	1	0.0000300000	10.0000	0.0000	6.0000	3.0000	1.0000	3
16	4	2	0.0000477460	7.9519	0.0000	3.9519	3.0000	1.0000	9
17	4	1	0.0000200000	24.0000	0.0000	4.0000	19.0000	1.0000	8
17	4	2	0.0000311855	22.5713	0.0000	2.5713	19.0000	1.0000	2

#<bucket_range_id> <size1_bytes> <size2_bytes> <cost_per_byte>
1	0	54975581388800	0.0000000000377185642719268799
2	54975581388800	494780232499200	0.0000000000363215804100036621
3	494780232499200	107374182399998926258176	0.0000000000344589352607727051

